BoltingDust1;0,0;90,60;110,45
BoltingDust2;90,0;90,60;110,45
BoltingDust3;180,0;90,60;110,45
BoltingDust4;270,0;90,60;110,45
BoltingDust5;360,0;90,60;110,45
BoltingDust6;450,0;90,60;110,45
BoltingDust7;540,0;90,60;110,45
BoltingDust8;630,0;90,60;110,45
BoltingDust9;720,0;90,60;110,45
BoltingDust10;810,0;90,60;110,45
BoltingDust11;0,60;90,60;110,45
BoltingDust12;90,60;90,60;110,45
BoltingDust13;180,60;90,60;110,45
BoltingDust14;270,60;90,60;110,45
BoltingDust15;360,60;90,60;110,45
BoltingDust16;450,60;90,60;110,45
BoltingDust17;540,60;90,60;110,45
BoltingDust18;630,60;90,60;110,45
BoltingDust19;720,60;90,60;110,45
BoltingDust20;810,60;90,60;110,45
BoltingDust21;0,120;90,60;110,45
BoltingDust22;90,120;90,60;110,45
BoltingDust23;180,120;90,60;110,45
BoltingDust24;270,120;90,60;110,45
BoltingDust25;360,120;90,60;110,45
BoltingDust26;450,120;90,60;110,45
BoltingDust27;540,120;90,60;110,45
BoltingDust28;630,120;90,60;110,45
BoltingDust29;720,120;90,60;110,45
BoltingDust30;810,120;90,60;110,45
