Legendary_000;0,22;53,37;112,70
Legendary_001;53,22;53,37;112,70
Legendary_002;106,22;53,37;112,70
Legendary_003;159,21;53,38;112,69
Legendary_004;212,23;53,36;112,71
Legendary_005;265,22;52,37;112,70
Legendary_006;317,24;53,35;112,72
Legendary_007;370,26;55,33;112,74
Legendary_008;425,1;48,58;115,49
Legendary_009;473,0;26,59;137,46
Legendary_010;499,4;31,55;138,50
Legendary_011;530,11;34,48;138,57
Legendary_012;564,15;38,44;137,61
Legendary_013;602,17;40,42;136,63
Legendary_014;642,18;42,41;135,64
Legendary_015;684,11;34,48;138,56
Legendary_016;718,0;35,59;137,45
Legendary_017;753,0;30,59;135,44
Legendary_018;783,18;52,41;106,63
Legendary_019;835,9;54,50;108,65
Legendary_020;889,5;51,54;118,71
Legendary_021;940,8;55,51;119,71
Legendary_022;995,24;60,35;121,73
Legendary_023;1055,27;60,32;120,73
Legendary_024;1115,18;48,41;123,63
Legendary_025;0,80;48,42;122,62
Legendary_026;48,70;34,52;129,52
Legendary_027;82,68;32,54;129,50
Legendary_028;114,66;31,56;129,49
Legendary_029;145,65;30,57;129,48
Legendary_030;175,63;26,59;128,46
Legendary_031;201,62;26,60;127,45
Legendary_032;227,59;72,63;78,48
Legendary_033;299,76;64,46;76,67
Legendary_034;363,80;66,42;75,72
Legendary_035;429,84;67,38;75,76
Legendary_036;496,88;54,34;75,80
Legendary_037;550,88;55,34;75,80
Legendary_038;605,85;55,37;75,77
Legendary_039;660,85;53,37;76,76
Legendary_040;713,85;52,37;77,75
Legendary_041;765,84;51,38;78,73
Legendary_042;816,85;51,37;78,73
Legendary_043;867,88;49,34;81,76
Legendary_044;916,87;48,35;82,75
Legendary_045;964,87;47,35;83,75
Legendary_046;1011,88;47,34;83,76
Legendary_047;1058,88;49,34;83,76
Legendary_048;1107,88;49,34;83,76
Legendary_049;0,125;49,34;85,76
Legendary_050;49,124;48,35;86,75
Legendary_051;97,124;47,35;87,75
Legendary_052;144,125;47,34;87,76
Legendary_053;191,125;49,34;87,76
Legendary_054;240,125;49,34;87,76
Legendary_055;289,125;49,34;89,76
Legendary_056;338,124;48,35;90,75
Legendary_057;386,124;47,35;91,75
Legendary_058;433,125;47,34;91,76
Legendary_059;480,125;49,34;91,76
Legendary_060;529,125;49,34;91,76
Legendary_061;578,125;49,34;93,76
Legendary_062;627,124;48,35;94,75
Legendary_063;675,124;47,35;95,75
Legendary_064;722,125;47,34;95,76
Legendary_065;769,125;49,34;95,76
Legendary_066;818,125;49,34;95,76
Legendary_067;867,125;49,34;97,76
Legendary_068;916,126;51,33;102,75
Legendary_069;967,127;54,32;108,75
Legendary_070;1021,126;52,33;112,74
Legendary_071;1073,122;55,37;112,70
Legendary_072;1128,122;56,37;112,70
Legendary_073;0,227;60,37;112,70
Legendary_074;60,227;66,37;112,70
Legendary_075;126,223;68,41;112,66
Legendary_076;194,224;69,40;112,67
Legendary_077;263,224;68,40;112,67
Legendary_078;331,223;67,41;112,66
Legendary_079;398,225;67,39;112,68
Legendary_080;465,224;68,40;112,67
Legendary_081;533,223;68,41;112,66
Legendary_082;601,227;67,37;112,70
Legendary_083;668,227;63,37;112,70
Legendary_084;731,227;56,37;112,70
Legendary_085;787,227;54,37;112,70
Legendary_086;841,227;54,37;112,70
Legendary_087;895,227;52,37;112,70
Legendary_088;947,212;52,52;124,52
Legendary_089;999,184;45,80;137,25
Legendary_090;1044,175;41,89;135,16
Legendary_091;1085,163;38,101;133,4
Legendary_092;1123,159;32,105;131,0
Legendary_093;1155,159;33,105;128,0
Legendary_094;0,282;35,105;126,0
Legendary_095;35,282;35,105;124,0
Legendary_096;70,300;52,87;88,20
Legendary_097;122,268;91,119;49,4
Legendary_098;213,268;92,119;49,4
Legendary_099;305,264;91,123;51,0
Legendary_100;396,264;79,123;50,0
Legendary_101;475,276;86,111;44,12
Legendary_102;561,264;102,123;54,0
Legendary_103;663,264;104,123;52,0
Legendary_104;767,267;111,120;48,3
Legendary_105;878,267;107,120;53,3
Legendary_106;985,267;124,120;44,2
Legendary_107;0,398;116,58;44,61
Legendary_108;116,417;130,39;39,80
Legendary_109;246,419;123,37;44,80
Legendary_110;369,420;123,36;43,80
Legendary_111;492,421;123,35;42,80
Legendary_112;615,422;117,34;44,80
Legendary_113;732,422;86,34;44,80
Legendary_114;818,422;55,34;75,80
Legendary_115;873,423;53,33;77,80
Legendary_116;926,400;64,56;105,51
Legendary_117;990,416;57,40;86,68
Legendary_118;1047,405;47,51;121,57
Legendary_119;1094,387;43,69;131,34
Legendary_120;1137,387;38,69;130,34
Legendary_121;0,456;36,69;129,34
Legendary_122;36,457;37,68;128,35
Legendary_123;73,459;40,66;125,37
Legendary_124;113,465;53,60;115,43
Legendary_125;166,479;61,46;107,57
Legendary_126;227,488;68,37;102,70
Legendary_127;295,488;72,37;98,70
Legendary_128;367,488;58,37;112,70
Legendary_129;425,488;56,37;112,70
Legendary_130;481,488;53,37;112,70
Legendary_159;534,488;52,37;112,70
Legendary_160;586,487;53,38;112,69
