Sheet01;0,0;120,160;95,0
Sheet02;120,0;120,160;95,0
Sheet03;240,0;120,160;95,0
Sheet04;360,0;120,160;95,0
Sheet05;480,0;120,160;95,0
Sheet06;600,0;120,160;95,0
Sheet07;720,0;120,160;95,0
Sheet08;840,0;120,160;95,0
Sheet09;960,0;120,160;95,0
Sheet10;1080,0;120,160;95,0
Sheet11;0,160;120,160;95,0
Sheet12;120,160;120,160;95,0
Sheet13;240,160;120,160;95,0
Sheet14;360,160;120,160;95,0
Sheet15;480,160;120,160;95,0
Sheet16;600,160;120,160;95,0
Sheet17;720,160;120,160;95,0
Sheet18;840,160;120,160;95,0
Sheet19;960,160;120,160;95,0
Sheet20;1080,160;120,160;95,0
Sheet21;0,320;120,160;95,0
Sheet22;120,320;120,160;95,0
Sheet23;240,320;120,160;95,0
Sheet24;360,320;120,160;95,0
Sheet25;480,320;120,160;95,0
Sheet26;600,320;120,160;95,0
Sheet27;720,320;120,160;95,0
Sheet28;840,320;120,160;95,0
Sheet29;960,320;120,160;95,0
Sheet30;1080,320;120,160;95,0
Sheet31;0,480;120,160;95,0
Sheet32;120,480;120,160;95,0
Sheet33;240,480;120,160;95,0
Sheet34;360,480;120,160;95,0
Sheet35;480,480;120,160;95,0
Sheet36;600,480;120,160;95,0
Sheet37;720,480;120,160;95,0
Sheet38;840,480;120,160;95,0
Sheet39;960,480;120,160;95,0
Sheet40;1080,480;120,160;95,0
Sheet41;0,640;120,160;95,0
Sheet42;120,640;120,160;95,0
Sheet43;240,640;120,160;95,0
Sheet44;360,640;120,160;95,0
Sheet45;480,640;120,160;95,0
Sheet46;600,640;120,160;95,0
Sheet47;720,640;120,160;95,0
Sheet48;840,640;120,160;95,0
Sheet49;960,640;120,160;95,0
Sheet50;1080,640;120,160;95,0
Sheet51;0,800;120,160;95,0
Sheet52;120,800;120,160;95,0
Sheet53;240,800;120,160;95,0
Sheet54;360,800;120,160;95,0
Sheet55;480,800;120,160;95,0
Sheet56;600,800;120,160;95,0
Sheet57;720,800;120,160;95,0
Sheet58;840,800;120,160;95,0
Sheet59;960,800;120,160;95,0
Sheet60;1080,800;120,160;95,0
Sheet61;0,960;120,160;95,0
Sheet62;120,960;120,160;95,0
Sheet63;240,960;120,160;95,0
Sheet64;360,960;120,160;95,0
