Hole00;0,0;110,110;-20,-20
Hole01;110,0;110,110;-20,-20
Hole02;220,0;110,110;-20,-20
Hole03;330,0;110,110;-20,-20
Hole04;440,0;110,110;-20,-20
Hole05;550,0;110,110;-20,-20
Hole06;660,0;110,110;-20,-20
Hole07;770,0;110,110;-20,-20
Hole08;880,0;110,110;-20,-20
Hole09;990,0;110,110;-20,-20
Hole10;0,110;110,110;-20,-20
Hole11;110,110;110,110;-20,-20
Hole12;220,110;110,110;-20,-20
Hole13;330,110;110,110;-20,-20
Hole14;440,110;110,110;-20,-20
Hole15;550,110;110,110;-20,-20
Hole16;660,110;110,110;-20,-20
Hole17;770,110;110,110;-20,-20
Hole18;880,110;110,110;-20,-20
Hole19;990,110;110,110;-20,-20
