Handaxe_000;0,6;31,42;130,62
Handaxe_001;31,6;52,42;118,62
Handaxe_002;83,6;55,42;115,62
Handaxe_003;138,6;30,42;133,62
Handaxe_004;168,6;30,42;133,62
Handaxe_005;198,5;43,43;126,61
Handaxe_006;241,5;54,43;131,61
Handaxe_007;295,9;47,39;124,65
Handaxe_008;342,9;52,39;110,65
Handaxe_009;394,6;40,42;122,62
Handaxe_010;434,5;40,43;122,61
Handaxe_011;474,6;51,42;121,62
Handaxe_012;525,6;41,42;130,62
Handaxe_013;566,6;31,42;130,62
Handaxe_014;597,2;52,46;131,58
Handaxe_015;649,4;55,44;131,60
Handaxe_016;704,1;55,47;131,57
Handaxe_017;759,0;53,48;131,56
Handaxe_018;812,6;49,42;133,62
Handaxe_019;861,6;35,42;133,62
