Dragonstone_000;0,17;111,79;113,32
Dragonstone_001;111,18;113,78;111,33
Dragonstone_002;224,19;112,77;112,34
Dragonstone_003;336,0;111,96;108,14
Dragonstone_004;447,0;114,96;107,14
Dragonstone_005;561,1;122,95;102,16
Dragonstone_006;683,10;126,86;103,25
Dragonstone_007;809,17;129,79;99,32
Dragonstone_008;938,22;118,74;106,37
Dragonstone_009;1056,18;118,78;107,33
Dragonstone_010;0,98;122,95;102,16
Dragonstone_011;122,97;120,96;103,15
Dragonstone_012;242,96;111,97;108,14
Revert_000;353,114;111,79;113,32
Revert_001;464,114;111,79;113,32
Revert_002;575,121;109,72;115,39
Revert_003;684,121;110,72;115,39
Revert_004;794,126;110,67;114,39
Revert_005;904,135;94,58;117,45
Revert_006;998,144;79,49;119,48
Revert_007;1077,147;61,46;123,49
Revert_008;1138,147;58,46;127,48
Revert_009;0,224;58,55;127,49
Revert_010;58,224;56,55;128,49
Revert_011;114,224;56,55;128,49
Revert_012;170,224;56,55;128,49
Transform_000;226,224;56,55;128,49
Transform_001;282,218;76,61;116,43
Transform_002;358,227;46,52;127,52
Transform_003;404,227;32,52;137,52
Transform_004;436,222;46,57;126,47
Transform_005;482,216;53,63;126,43
Transform_006;535,215;62,64;123,43
Transform_007;597,193;112,86;110,30
Transform_008;709,197;111,82;113,30
Transform_009;820,201;111,78;113,34
Transform_010;931,200;111,79;113,32
