NosferatuUp1;0,50;22,21;141,77
NosferatuUp2;22,45;28,26;138,75
NosferatuUp3;50,39;33,32;136,74
NosferatuUp4;83,33;39,38;134,72
NosferatuUp5;122,27;43,44;132,69
NosferatuUp6;165,21;49,50;129,67
NosferatuUp7;214,17;53,54;128,64
NosferatuUp8;267,13;61,58;124,60
NosferatuUp9;328,10;71,61;118,57
NosferatuUp10;399,6;89,65;109,53
NosferatuUp11;488,3;95,68;106,50
NosferatuUp12;583,1;97,70;104,45
NosferatuUp13;680,0;103,71;103,41
NosferatuUp14;783,1;105,70;102,37
NosferatuUp15;888,2;106,69;102,32
NosferatuUp16;0,71;106,67;102,28
NosferatuUp17;106,78;105,60;103,24
NosferatuUp18;211,81;105,57;103,19
NosferatuUp19;316,85;100,53;105,15
NosferatuUp20;416,91;93,47;107,12
NosferatuUp21;509,94;85,44;111,8
NosferatuUp22;594,94;72,44;117,0
NosferatuUp23;666,100;55,38;125,0
NosferatuUp24;721,106;38,32;133,0
NosferatuUp25;759,108;32,30;134,0
NosferatuUp26;791,111;30,27;134,0
NosferatuUp27;821,120;26,18;133,0
